train_net: "train.prototxt"
base_lr: 9.99999974738e-05
display: 10
max_iter: 120000
lr_policy: "multistep"
gamma: 0.10000000149
momentum: 0.899999976158
weight_decay: 0.000500000023749
snapshot: 80000
snapshot_prefix: "snapshot/VGG_HAND_SSD_300x300_iter_"
solver_mode: GPU
device_id: 0
debug_info: false
snapshot_after_train: true
average_loss: 10
stepvalue: 80000
stepvalue: 100000
stepvalue: 120000
iter_size: 20000
type: "SGD"

